  0            0
  0.011604   0.010046
   0.020799   0.020729
   0.025470   0.030000
   0.032012   0.043012
   0.032677   0.056945
   0.033626   0.059769
   0.034051   0.068790
   0.036856   0.079988
   0.047640   0.089910
   0.055888   0.099977
   0.059812   0.110323
   0.063255   0.121713
   0.066612   0.129847
   0.069780   0.139990
   0.071816   0.150794
   0.076959   0.162852
   0.079772   0.171157
   0.081126   0.180585
   0.082250   0.190240
   0.086666   0.200015
   0.088592   0.210484
   0.089361   0.220528
   0.089685   0.224179
   0.091364   0.241165
   0.097277   0.249508
   0.103649   0.259840
   0.104558   0.268043
   0.108165   0.307300
   0.108412   0.309913
   0.108916   0.316414
   0.112109   0.329893
   0.114979   0.342226
   0.116383   0.349766
   0.119355   0.359430
   0.120647   0.370765
   0.121078   0.379833
   0.121494   0.389542
   0.123789   0.400338
   0.126219   0.409180
   0.129265   0.420425
   0.131795   0.430419
   0.135904   0.440015
   0.143292   0.449864
   0.150527   0.460088
   0.172661   0.468361
   0.176723   0.479939
   0.184273   0.490306
   0.186163   0.500719
   0.191885   0.509811
   0.196372   0.522438
   0.199377   0.530999
   0.202013   0.539996
   0.208999   0.550487
   0.214146   0.560116
   0.222085   0.570214
   0.224988   0.579599
   0.229361   0.589867
   0.237660   0.600319
   0.240780   0.610018
   0.253814   0.619457
   0.270822   0.629999
   0.273449   0.639845
   0.308006   0.650020
   0.323016   0.659705
   0.338175   0.670070
   0.348689   0.679959
   0.440759   0.690269
   0.486366   0.700189
   0.547693   0.710023
   0.626518   0.719978
   0.668194   0.730032
   0.690148   0.739730
   0.720285   0.749873
   0.739466   0.759878
   0.745119   0.770873
   0.745859   0.780470
   0.748395   0.789419
   0.752579   0.799275
   0.764407   0.810339
   0.767556   0.820671
   0.774194   0.829128
   0.776617   0.839180
   0.780477   0.849997
   0.798576   0.859034
   0.805767   0.869895
   0.824242   0.880081
   0.839713   0.890091
   0.857246   0.900362
   0.872031   0.910225
   0.879106   0.923151
   0.885146   0.930439
   0.919780   0.939856
   0.932882   0.950312
   0.965804   0.959933
   0.971143   0.970112
   0.987685   0.980217
   0.994700   0.990770
   1.000000   1.000000
