0.000000 0.000000
0.107722 0.010046
0.144219 0.020729
0.159593 0.030000
0.178919 0.043012
0.180768 0.056945
0.183374 0.059769
0.184529 0.068790
0.191979 0.079988
0.218266 0.089910
0.236406 0.099977
0.244565 0.110323
0.251505 0.121713
0.258093 0.129847
0.264159 0.139990
0.267985 0.150794
0.277415 0.162852
0.282439 0.171157
0.284826 0.180585
0.286793 0.190240
0.294391 0.200015
0.297644 0.210484
0.298933 0.220528
0.299475 0.224179
0.302265 0.241165
0.311893 0.249508
0.321946 0.259840
0.323354 0.268043
0.328884 0.307300
0.329260 0.309913
0.330024 0.316414
0.334827 0.329893
0.339086 0.342226
0.341150 0.349766
0.345478 0.359430
0.347343 0.370765
0.347963 0.379833
0.348560 0.389542
0.351837 0.400338
0.355273 0.409180
0.359534 0.420425
0.363036 0.430419
0.368652 0.440015
0.378539 0.449864
0.387978 0.460088
0.415525 0.468361
0.420384 0.479939
0.429270 0.490306
0.431466 0.500719
0.438047 0.509811
0.443139 0.522438
0.446517 0.530999
0.449459 0.539996
0.457164 0.550487
0.462759 0.560116
0.471259 0.570214
0.474329 0.579599
0.478916 0.589867
0.487504 0.600319
0.490693 0.610018
0.503800 0.619457
0.520406 0.629999
0.522924 0.639845
0.554983 0.650020
0.568345 0.659705
0.581528 0.670070
0.590499 0.679959
0.663897 0.690269
0.697399 0.700189
0.740063 0.710023
0.791529 0.719978
0.817431 0.730032
0.830751 0.739730
0.848696 0.749873
0.859922 0.759878
0.863203 0.770873
0.863631 0.780470
0.865098 0.789419
0.867513 0.799275
0.874304 0.810339
0.876103 0.820671
0.879883 0.829128
0.881259 0.839180
0.883446 0.849997
0.893631 0.859034
0.897645 0.869895
0.907878 0.880081
0.916359 0.890091
0.925876 0.900362
0.933826 0.910225
0.937607 0.923151
0.940822 0.930439
0.959052 0.939856
0.965858 0.950312
0.982753 0.959933
0.985466 0.970112
0.993823 0.980217
0.997346 0.990770
1.000000 1.000000
